camera_matrix:
- [2268.327499477305, 0.0, 252.93018136571382]
- [0.0, 2293.328168830158, 231.6528913818712]
- [0.0, 0.0, 1.0]
dist_coeff:
- [-1.931492963868074, -0.03488030536084996, 0.007093034450303904, 0.08102092529685556,
  71.69492121290182]
